[                            0.0]
[-6.4668659893503155315478868034]
[                            0.0]

[                            0.0]
[-117.74720749844322292103708981]
[                            0.0]

[                           0.0]
[6.8506543692639007605631765682]
[                           0.0]

[                            0.0]
[-2.7017243313336873584818298874]
[                            0.0]

[-4.8422030547131818333718269109]
[ 17.628585128421726361758703574]
[-4.8422030547131818333718269109]

[4.8422030547131818333718269109]
[17.628585128421726361758703574]
[4.8422030547131818333718269109]

[-9.4992972506539823474349496201]
[ 19.914795085472609452957510359]
[-9.4992972506539823474349496201]
